SM:2022-08-17T11:19:38.6383451Z
LM:2022-08-28T11:31:17.8299516Z
CT:image/jpeg
MA:604800
CL:62159
