SM:2022-08-17T11:19:38.4666028Z
LM:2022-08-28T09:53:15.9051024Z
CT:image/jpeg
MA:604800
CL:38670
