SM:2022-08-17T11:19:38.6383451Z
LM:2022-08-28T09:50:39.3376162Z
CT:image/jpeg
MA:604800
CL:321069
