SM:2022-08-17T11:19:38.4666028Z
LM:2022-08-17T11:19:39.1458705Z
CT:image/jpeg
MA:604800
CL:76966
