SM:2022-08-17T11:19:38.6383451Z
LM:2022-08-17T11:19:39.1456168Z
CT:image/jpeg
MA:604800
CL:44093
