SM:2022-08-17T11:19:38.5909786Z
LM:2022-08-17T11:19:39.1456187Z
CT:image/jpeg
MA:604800
CL:28404
