SM:2022-08-16T14:47:43.8227583Z
LM:2022-08-16T14:47:44.9120338Z
CT:image/png
MA:604800
CL:58651
